{
  "taglist": [
    8,
    3,
    10,
    6,
    1,
    9,
    5,
    2,
    17,
    4,
    7
  ],
  "map": [
    [
      0.6215089911963088,
      1.0527179588406888,
      0.5457808270281823,
      -0.3813433551236868,
      -0.678669861462661,
      -1.2343619658937366,
      -0.3462761421394236,
      0.3455536737328748,
      -0.7998342824250073,
      -0.6628070443284416,
      1.2466518331476737
    ],
    [
      -0.1334271201106434,
      -0.9522085978967053,
      -1.1589563120552944,
      -1.1477842195889545,
      -0.5609799208206724,
      -0.37475088964383657,
      0.5713410413770136,
      0.8903326302290157,
      0.5047425795301741,
      1.0672272747080962,
      0.7781442163070034
    ]
  ],
  "covariance": [
    [
      0.0,
      0.0,
      0.0,
      0.0,
      0.0,
      0.0,
      0.0,
      0.0,
      0.0,
      0.0,
      0.0,
      0.0,
      0.0,
      0.0,
      0.0,
      0.0,
      0.0,
      0.0,
      0.0,
      0.0,
      0.0,
      0.0
    ],
    [
      0.0,
      0.0,
      0.0,
      0.0,
      0.0,
      0.0,
      0.0,
      0.0,
      0.0,
      0.0,
      0.0,
      0.0,
      0.0,
      0.0,
      0.0,
      0.0,
      0.0,
      0.0,
      0.0,
      0.0,
      0.0,
      0.0
    ],
    [
      0.0,
      0.0,
      0.005536866854843369,
      0.0020817879457068586,
      0.004822250764474541,
      0.00020167878848573724,
      0.004669015439267336,
      -0.003355834779222196,
      0.002377219064853479,
      -0.004459025137357281,
      0.0016929291719228095,
      -0.006607035090746083,
      -0.0022201332028886555,
      -0.0034629848294324434,
      -0.003895941536270049,
      -0.0008814499356145736,
      0.0,
      0.0,
      -0.004371180407261601,
      -0.004507316353707205,
      -0.004540351407633029,
      0.0033697663932928785
    ],
    [
      0.0,
      0.0,
      0.0020817879457054786,
      0.0034216873426348078,
      0.0024883996503975263,
      0.0010297052332906048,
      0.0024161426090270736,
      -0.0012800610097163435,
      0.0010001465602429746,
      -0.0019727671442604216,
      0.0005850906232324558,
      -0.0032887798734645983,
      -0.0017058851759777238,
      -0.001408433036405297,
      -0.002690418653196871,
      0.00014134414571376487,
      0.0,
      0.0,
      -0.002967644456373648,
      -0.0020397916503658645,
      -0.00313067164687492,
      0.002781359010320352
    ],
    [
      0.0,
      0.0,
      0.004822250764487341,
      0.002488399650396939,
      0.009368605482001026,
      0.0004702926981961497,
      0.007159426969528737,
      -0.004585949528526587,
      0.0037913009711860435,
      -0.00606970065612757,
      0.002801843990686063,
      -0.009024369500585026,
      -0.0026028247485736346,
      -0.004399021809739431,
      -0.004594778692458356,
      -0.0009699648012056718,
      0.0,
      0.0,
      -0.005387639175939293,
      -0.0057625226836293215,
      -0.004861130089689866,
      0.0034880562784278925
    ],
    [
      0.0,
      0.0,
      0.000201678788518131,
      0.0010297052333048742,
      0.0004702926983544405,
      0.003952939276329337,
      0.0004732271900961297,
      0.0014664716432067552,
      0.00018056677364328597,
      0.0012622679258186694,
      0.0001117099191132586,
      0.0010421675467929337,
      -8.211530083417464e-05,
      0.0010441572387445489,
      -8.468786899593115e-05,
      0.0007935361142947733,
      0.0,
      0.0,
      -0.00022445630545564173,
      0.0010157462695813016,
      -0.0003175141499854513,
      0.0005744868178200887
    ],
    [
      0.0,
      0.0,
      0.0046690154392615155,
      0.0024161426090222953,
      0.007159426969512901,
      0.000473227190032913,
      0.011755403487708382,
      -0.005116332968053253,
      0.005677040406176856,
      -0.0070396392513483435,
      0.0044671119815411255,
      -0.010813595240884573,
      -0.002448559835523691,
      -0.004739945348567031,
      -0.004653618425748822,
      -0.0009051446034778525,
      0.0,
      0.0,
      -0.005863451232185941,
      -0.006460176780569043,
      -0.00491828104290564,
      0.003451959859198074
    ],
    [
      0.0,
      0.0,
      -0.0033558347792150135,
      -0.0012800610097121036,
      -0.004585949528482839,
      0.0014664716432465153,
      -0.005116332968092564,
      0.008943788831167261,
      -0.0021215692614809847,
      0.008366620929419703,
      -0.0012283661537023584,
      0.011188087148492952,
      0.003599448744740423,
      0.005926930080789172,
      0.0050600540164001786,
      0.0018809873846711911,
      0.0,
      0.0,
      0.006374607541836071,
      0.007512326175811741,
      0.004311861214469343,
      -0.002506656258227231
    ],
    [
      0.0,
      0.0,
      0.002377219064848509,
      0.0010001465602393403,
      0.003791300971175427,
      0.00018056677360928113,
      0.005677040406174543,
      -0.0021215692614658145,
      0.005717497312642058,
      -0.002999030411271983,
      0.0037803231931828785,
      -0.004668073694478594,
      0.0002465580435556329,
      -0.0019867840927190565,
      -0.0012274957919939627,
      -0.0003227781271887063,
      0.0,
      0.0,
      -0.0010058200466017313,
      -0.00274569466745931,
      -0.0019693103232681433,
      0.0014993256912594463
    ],
    [
      0.0,
      0.0,
      -0.004459025137348092,
      -0.001972767144254951,
      -0.0060697006560809785,
      0.001262267925870546,
      -0.007039639251360777,
      0.008366620929414136,
      -0.00299903041130602,
      0.012076978082157233,
      -0.0017651485423474157,
      0.014672874825528284,
      0.004939846993383935,
      0.007611523622182562,
      0.006803293865061934,
      0.0022427486672924883,
      0.0,
      0.0,
      0.008898483905410329,
      0.009724719835805662,
      0.005830385482767534,
      -0.0034798110025622084
    ],
    [
      0.0,
      0.0,
      0.0016929291719087925,
      0.0005850906232234837,
      0.0028018439906656954,
      0.0001117099190868111,
      0.004467111981521323,
      -0.0012283661536742231,
      0.0037803231931777003,
      -0.0017651485423123127,
      0.007037124055715134,
      -0.002799931473958442,
      0.001098024063166192,
      -0.0011438368219446305,
      -0.00018718599558313666,
      -0.00017714722724398088,
      0.0,
      0.0,
      0.0006141597603685445,
      -0.0016313459797351092,
      -0.001088959701572044,
      0.0009194997589946625
    ],
    [
      0.0,
      0.0,
      -0.006607035090733548,
      -0.003288779873456859,
      -0.009024369500529596,
      0.00104216754686916,
      -0.01081359524090079,
      0.011188087148480696,
      -0.004668073694501048,
      0.014672874825523572,
      -0.0027999314740921972,
      0.02467160787250338,
      0.007552783708932284,
      0.01045387409207324,
      0.010159328529506758,
      0.002781492970558147,
      0.0,
      0.0,
      0.014031120917045975,
      0.01384210089553527,
      0.008725260866506978,
      -0.005347903727867078
    ],
    [
      0.0,
      0.0,
      -0.002220133202886649,
      -0.001705885175976335,
      -0.0026028247485626503,
      -8.211530081251602e-05,
      -0.0024485598355331608,
      0.0035994487447484663,
      0.00024655804354614674,
      0.0049398469933980265,
      0.0010980240631429485,
      0.007552783708951323,
      0.008370598351108066,
      0.003892279362389141,
      0.006455033761188449,
      0.0006773244626161567,
      0.0,
      0.0,
      0.009494416535417518,
      0.005266913423192057,
      0.004263150793780817,
      -0.0024706140510753873
    ],
    [
      0.0,
      0.0,
      -0.0034629848294285242,
      -0.0014084330364025495,
      -0.0043990218097057394,
      0.0010441572387840184,
      -0.0047399453485756785,
      0.005926930080789516,
      -0.0019867840927324325,
      0.007611523622185562,
      -0.0011438368219714662,
      0.010453874092078135,
      0.003892279362392433,
      0.009046609293956792,
      0.005489366056198843,
      0.002476499098810539,
      0.0,
      0.0,
      0.0068273246891842835,
      0.008533006089893458,
      0.0048146549120220775,
      -0.00271859495016793
    ],
    [
      0.0,
      0.0,
      -0.003895941536269098,
      -0.002690418653196581,
      -0.004594778692440535,
      -8.468786896062124e-05,
      -0.004653618425762109,
      0.005060054016404644,
      -0.0012274957920074216,
      0.006803293865071703,
      -0.00018718599561250575,
      0.010159328529522274,
      0.006455033761190044,
      0.00548936605619717,
      0.01367622298038792,
      0.0008848233530367889,
      0.0,
      0.0,
      0.009648124461580662,
      0.007145644462782879,
      0.007245809725336303,
      -0.004157603481910356
    ],
    [
      0.0,
      0.0,
      -0.000881449935608729,
      0.00014134414571677242,
      -0.0009699648011846363,
      0.0007935361143049962,
      -0.00090514460347398,
      0.0018809873846689922,
      -0.0003227781271876536,
      0.002242748667290799,
      -0.0001771472272471705,
      0.002781492970554829,
      0.0006773244626201699,
      0.0024764990988077502,
      0.000884823353003411,
      0.006294242623944173,
      0.0,
      0.0,
      0.0013942180872469994,
      0.002484497081055358,
      0.0014687476952802907,
      -0.0004551414643937648
    ],
    [
      0.0,
      0.0,
      0.0,
      0.0,
      0.0,
      0.0,
      0.0,
      0.0,
      0.0,
      0.0,
      0.0,
      0.0,
      0.0,
      0.0,
      0.0,
      0.0,
      1000000.0,
      0.0,
      0.0,
      0.0,
      0.0,
      0.0
    ],
    [
      0.0,
      0.0,
      0.0,
      0.0,
      0.0,
      0.0,
      0.0,
      0.0,
      0.0,
      0.0,
      0.0,
      0.0,
      0.0,
      0.0,
      0.0,
      0.0,
      0.0,
      1000000.0,
      0.0,
      0.0,
      0.0,
      0.0
    ],
    [
      0.0,
      0.0,
      -0.004371180407239943,
      -0.0029676444563571085,
      -0.0053876391759240415,
      -0.00022445630539318694,
      -0.005863451232211611,
      0.006374607541886607,
      -0.0010058200466288019,
      0.008898483905479444,
      0.0006141597603029312,
      0.014031120917150218,
      0.009494416535380574,
      0.0068273246891261295,
      0.009648124461533649,
      0.0013942180872308458,
      0.0,
      0.0,
      0.027761527327037006,
      0.009886884574726702,
      0.00732810410570534,
      -0.004374366173452296
    ],
    [
      0.0,
      0.0,
      -0.004507316353717135,
      -0.0020397916503620685,
      -0.005762522683596638,
      0.0010157462696433403,
      -0.006460176780581368,
      0.007512326175801665,
      -0.0027456946675134667,
      0.009724719835782191,
      -0.0016313459798405663,
      0.01384210089546079,
      0.005266913423241975,
      0.008533006089922081,
      0.007145644462819753,
      0.0024844970810641177,
      0.0,
      0.0,
      0.009886884576897523,
      0.021813196166630754,
      0.006346171568802389,
      -0.003665725090975109
    ],
    [
      0.0,
      0.0,
      -0.004540351407630731,
      -0.0031306716468742523,
      -0.004861130089673774,
      -0.00031751414995011707,
      -0.0049182810429146285,
      0.004311861214474532,
      -0.0019693103232779267,
      0.005830385482776162,
      -0.0010889597015965623,
      0.008725260866519013,
      0.00426315079378267,
      0.004814654912023159,
      0.007245809725332757,
      0.0014687476952920777,
      0.0,
      0.0,
      0.007328104105761168,
      0.006346171568765816,
      0.022817287699610868,
      -0.008979743513418247
    ],
    [
      0.0,
      0.0,
      0.00336976639329173,
      0.0027813590103204855,
      0.0034880562784210018,
      0.0005744868177968653,
      0.0034519598592040674,
      -0.00250665625823204,
      0.0014993256912649846,
      -0.00347981100256901,
      0.0009194997590087723,
      -0.005347903727876561,
      -0.002470614051076831,
      -0.0027185949501701877,
      -0.004157603481910169,
      -0.0004551414643999643,
      0.0,
      0.0,
      -0.004374366173480109,
      -0.003665725090963046,
      -0.008979743513428015,
      0.01741914129532151
    ]
  ]
}